0.0025
0.0025
0
0.0025
0.004424975
0.003662065
0.004444049
0.002822865
0.002746574
0.005569479
0.0025
0.0025
0.0025
0.0025
0.0025
0.003662065
0.0025
0.0025
0.006256256
0.0025
0.0025
0.0025
0.003356944
0.0025
0
0.003051758
0.0025
0.004882813
0.0025
0.0025
0.002822865
0.003356944
0
0.004882813
0.0025
0.003213781
0.003204307
0.0025
0.003213781
0.0025
0.0025
0.003671611
0.0025
0.0025
0.003433241
0.0025
0.0025
0.0025
0.004882813
0.0025
0.003738458
0.0025
0.002746574
0.004119804
0.010986596
0.003738458
0.0025
0.003662065
0
0.0025
0.0025
0.0025
0.004882813
0.0025
0.0025
0.0025
0.0025
0.0025
0.0025
0.0025
0.0025
0.002746574
0.006713662
0.0025
0.003223311
0.0025
0.0025
0.0025
0.0025
0.003433241
0.004348771
0.0025
0.0025
0.003666899
0.0025
0.0025
0.005493298
0.002746574
0.0025
0.0025
0.0025
0.002822865
0.0025
0.0025
0.003051758
0.0025
0
0.0025
0.003967309
0.003662065